0 8
0 435
0 544
0 14
0 258
8 435
8 14
8 258
8 751
435 14
435 258
435 751
544 14
544 258
544 751
3 197
3 463
3 601
197 295
197 633
197 749
463 333
463 477
463 483
463 564
601 552
601 565
601 611
601 1741
4 170
170 250
12 155
12 84
155 84
155 117
155 513
13 482
13 578
13 1234
482 251
482 551
482 578
14 31
14 232
14 242
14 258
14 268
14 384
14 393
14 400
14 437
14 443
14 613
14 708
14 736
14 746
14 751
31 250
31 1116
232 268
232 613
242 574
242 1006
258 7
258 268
258 400
258 751
258 1031
258 1111
268 616
268 2046
268 2571
268 613
393 157
400 555
400 2354
400 2360
613 616
613 2571
613 2107
613 2496
708 250
708 1116
736 250
736 1116
746 299
15 80
15 129
15 152
15 234
15 253
15 254
15 322
15 399
15 538
15 701
80 2044
129 22
129 188
129 538
129 1204
129 1409
129 1973
129 2165
129 2193
129 2220
129 2363
129 2446
129 2451
129 163
129 1728
152 1383
234 747
253 1815
253 2670
254 1176
322 160
322 1027
322 967
322 1644
322 2508
399 1250
399 1251
399 427
538 402
538 487
538 1036
538 1204
538 1689
538 1738
538 2165
538 2193
538 2309
701 638
701 1644
18 127
18 866
18 890
18 1932
18 427
18 745
18 747
127 122
127 124
127 2228
127 2400
127 745
127 747
866 890
1932 576
1932 745
1932 1912
1932 2024
19 571
19 74
571 424
571 1762
571 2331
571 2495
571 2694
20 267
20 25
20 334
20 640
20 732
267 334
267 459
267 732
22 1790
22 2257
22 163
22 191
1790 415
1790 523
1790 565
1790 2334
2257 247
2257 1767
2257 1768
2257 2444
25 456
25 778
25 1181
25 1897
456 1296
456 1748
456 2099
456 2455
456 2653
456 549
456 569
456 672
456 1560
778 109
778 56
1181 569
1181 1431
1897 640
1897 732
1897 1003
1897 2146
1897 2182
26 1129
26 747
26 2612
1129 809
1129 814
1129 919
1129 1080
1129 1190
1129 1222
27 532
27 84
28 586
28 611
28 1606
28 1718
30 231
30 285
30 679
30 1148
30 2276
231 285
231 486
285 1148
285 486
679 32
1148 486
1148 1355
1148 1597
1148 1534
2276 486
2276 1864
33 1701
33 250
33 1591
1701 36
1701 832
1701 1591
35 34
34 66
34 559
34 565
34 566
36 1066
36 1974
36 2072
36 2390
36 257
36 745
36 1591
36 1933
1066 1052
1974 667
1974 2227
2072 667
2072 2227
2390 74
2390 76
2390 2227
37 563
563 38
563 163
563 219
563 247
563 500
38 273
38 372
38 219
38 1689
273 372
39 24
39 82
24 269
82 239
82 295
82 305
82 410
82 548
82 1440
82 1553
82 565
82 1378
40 761
761 9
761 535
41 23
41 94
41 115
41 352
41 533
41 725
41 889
41 892
41 1713
41 1733
41 1982
41 2456
41 888
41 1716
23 759
94 126
115 2421
115 138
115 904
115 1713
115 2153
352 904
352 1372
533 777
725 48
725 93
889 892
889 904
889 1713
889 2153
892 138
892 904
892 1713
892 1716
1713 138
1713 416
1713 468
1713 1716
1713 1870
1713 1978
1713 1982
1713 1991
1713 1992
1713 2002
1713 2153
1713 2510
1733 904
1982 1716
1982 2153
2456 48
2456 1029
2456 1742
42 188
42 163
42 189
42 793
188 144
188 163
188 120
188 139
188 141
188 262
188 380
188 415
188 523
188 717
188 721
188 755
188 757
188 189
43 576
43 747
576 59
576 212
576 293
576 330
576 354
576 355
576 570
576 605
576 726
576 834
576 839
576 863
576 874
576 1014
576 1067
576 1200
576 1245
576 1258
576 1381
576 1524
576 1526
576 1710
576 1801
576 1814
576 1922
576 2026
576 2552
576 731
45 220
45 490
45 492
45 1459
220 295
220 490
220 552
46 238
46 867
46 301
46 489
238 193
238 301
238 489
238 1815
867 74
867 667
867 1493
48 1783
48 2682
1783 2348
2682 2348
52 2487
52 2580
52 228
52 430
52 478
2487 136
2487 430
2487 1823
2580 136
2580 1819
2580 1823
55 361
55 844
55 1832
55 1905
55 163
55 1784
844 934
844 974
844 1184
844 1784
1832 415
1832 1831
1832 1836
1832 2334
1905 163
1905 1834
57 306
57 552
57 565
57 967
57 1459
306 1376
306 552
306 554
306 565
306 967
58 536
58 990
58 1891
58 2495
536 200
536 206
536 411
990 805
990 1774
1891 200
1891 206
1891 411
1891 1149
1891 1774
1891 1875
2495 1762
2495 2694
59 570
59 872
59 874
59 1709
59 839
59 1520
570 169
570 212
570 872
570 874
570 1067
570 1200
570 1243
570 1245
570 1246
570 1258
570 1381
570 1524
570 1709
570 1814
570 1922
570 2026
570 1520
872 1520
874 839
874 1520
1709 839
1709 1520
60 252
60 688
60 552
60 562
60 565
252 74
252 294
252 562
252 688
688 207
688 412
688 552
688 566
688 835
688 1248
62 324
62 332
62 423
62 945
62 2425
62 2474
62 2566
324 185
324 278
324 326
324 389
324 327
324 332
332 185
332 389
332 1064
423 557
423 1934
423 2425
423 558
423 1290
945 327
945 788
945 1287
945 1414
2425 788
2425 2341
2425 2474
2474 2078
2566 2531
63 153
63 210
63 739
63 1546
153 294
153 747
210 148
210 644
210 295
210 552
210 738
210 1459
1546 565
1546 1376
64 284
64 289
64 486
64 583
284 486
284 583
66 69
66 149
66 183
66 215
66 288
66 1248
66 1531
66 1698
66 2122
66 2157
66 2294
66 2310
66 2359
66 2441
66 2520
183 454
183 539
183 541
215 478
215 696
215 2061
215 2380
288 75
288 2157
288 1377
288 2037
288 2380
1248 835
1531 887
1531 983
1531 1154
1698 430
1698 686
1698 1626
1698 2597
2122 75
2122 1854
2122 1855
2122 1864
2157 2565
2294 649
2294 1140
2294 2380
2294 2529
2310 318
2310 2583
2310 2607
2359 2520
2441 344
2441 2585
68 522
68 979
68 1632
68 1825
68 1845
68 1979
68 2007
522 525
979 157
979 766
979 879
979 1825
979 1845
1632 471
1632 1687
1825 121
1825 978
1825 1966
1845 1844
1845 1979
1979 1844
2007 1779
2007 1780
70 255
70 931
70 999
70 1521
70 1692
70 1986
255 421
255 569
255 767
931 1000
931 1053
931 1463
931 1484
999 347
999 1240
999 1463
999 1512
1521 1185
1521 1237
1521 1484
1692 228
1692 1484
1986 569
1986 1329
1986 2338
1986 2462
71 661
71 677
71 929
71 1559
71 1641
71 1923
71 2442
71 74
661 74
661 76
661 1191
929 740
929 2442
929 1559
929 1697
1559 740
1559 1664
1559 1683
1559 1791
1559 1697
1559 1703
1559 2658
1641 558
1641 1086
1923 1928
1923 2114
1923 2227
2442 523
2442 565
2442 2118
72 202
72 771
72 745
72 747
202 204
202 771
202 427
202 747
771 745
771 747
771 104
74 154
74 263
74 310
74 345
74 377
74 505
74 511
74 547
74 604
74 622
74 680
74 787
74 871
74 881
74 906
74 949
74 975
74 987
74 1017
74 1024
74 1103
74 1220
74 1634
74 1676
74 1928
74 2013
74 2124
74 2266
74 2284
74 2335
74 2513
74 2654
74 193
74 2421
154 392
263 668
263 2421
310 2513
310 668
310 747
345 76
345 117
345 261
345 1924
345 2266
345 2389
345 622
345 2421
377 622
505 134
511 611
547 430
604 668
680 90
680 608
680 747
787 1437
787 1287
787 1288
871 1591
881 112
881 572
881 816
881 1119
881 1411
881 2203
881 2295
881 2405
881 2454
881 2702
881 1203
881 1256
881 2423
906 1019
906 1860
949 1512
949 1608
975 76
975 608
975 668
975 1079
987 1240
987 1608
1017 157
1017 1574
1024 1053
1024 1335
1024 2338
1103 427
1103 611
1103 1079
1103 1579
1220 1484
1220 1608
1220 1618
1634 1252
1676 207
1676 523
1676 565
1676 1146
1928 667
1928 2114
1928 2124
1928 2570
2013 2382
2124 2114
2266 2421
2284 1293
2284 2278
2284 2283
2335 2378
2513 1366
2513 2239
2513 2374
2654 2421
75 1854
75 1855
75 2299
75 1123
75 1354
1854 1855
1854 1976
1854 2048
1854 2299
1854 2482
1854 2645
1854 1864
1855 2482
1855 1864
1855 2075
1855 2299
76 131
76 181
76 250
76 392
76 518
76 694
76 869
76 1128
76 1548
76 1934
76 2327
76 2532
181 157
181 518
181 662
181 766
250 107
250 108
250 304
250 498
250 499
250 584
250 639
250 694
250 427
250 577
518 2532
518 662
518 766
869 1374
1128 1288
1128 1393
1548 1291
1548 1374
1934 558
1934 1816
1934 2463
2327 1924
2327 2015
2327 2034
2532 766
2532 2417
77 337
337 143
337 346
337 363
78 469
78 2681
78 157
78 214
78 560
78 766
469 160
469 214
2681 160
2681 1857
81 647
239 552
239 565
239 1378
295 1012
295 1316
295 1782
295 2078
295 471
295 565
305 410
305 552
305 565
410 2
410 298
410 565
548 552
548 565
548 1859
548 1860
1440 565
1440 1378
1553 901
1553 1552
1553 1554
84 347
84 715
84 950
84 998
84 1240
84 1347
84 1550
84 1803
84 1241
347 452
347 713
347 998
950 1240
950 1241
998 1240
998 1241
1240 772
1240 742
1240 841
1240 897
1240 912
1240 1086
1240 1141
1240 1147
1240 1201
1240 1241
1240 1347
1240 1527
1347 1241
1347 1147
1550 157
1550 1238
1550 1419
1550 1427
1550 684
1550 1158
1550 1199
1550 1425
1550 1555
1550 1624
1803 99
1803 1913
85 425
85 2368
85 294
85 465
85 552
85 565
425 565
2368 465
2368 2642
86 249
86 373
86 652
86 735
249 652
249 2649
373 652
87 47
87 383
87 2245
87 719
87 2021
383 631
383 638
2245 2243
2245 2471
88 44
88 116
88 208
88 225
88 371
88 587
88 682
88 760
88 762
88 251
44 686
44 2428
116 686
116 2428
208 1270
208 2343
208 430
208 635
208 1569
225 686
225 2428
371 157
371 2507
587 214
587 427
587 2239
682 1791
682 2430
760 686
760 2428
92 2438
92 136
92 479
92 552
92 565
92 1259
2438 2091
99 1255
99 1613
99 1619
99 1722
99 1852
99 2578
99 2592
99 2679
99 759
1255 358
1255 894
1255 95
1613 784
1613 1162
1613 1614
1613 1619
1619 1614
1619 1722
1619 1723
1722 1723
1852 2592
2578 2679
100 265
100 758
100 1611
265 758
758 1980
1611 163
1611 1153
1611 1379
1611 1380
101 2680
101 2686
101 331
101 1112
2680 157
2680 2596
2686 916
2686 2596
102 404
102 1824
102 1893
102 1895
102 1964
102 2012
102 2333
102 2583
1824 1595
1824 2006
1824 2675
1893 1895
1893 1908
1895 638
1964 1595
1964 1644
1964 1862
1964 1863
1964 2675
2012 378
2012 2135
2333 318
2333 2135
2333 2583
2583 378
2583 2135
2583 1173
2583 1423
107 108
107 498
107 898
107 1937
107 1288
108 304
108 498
108 898
108 1288
898 1687
1937 389
1937 623
1937 1064
1937 2293
304 427
304 1461
304 1912
109 171
109 459
109 488
109 507
109 535
109 635
109 640
109 672
109 884
109 955
109 967
109 1074
109 1296
109 1661
109 1888
109 2053
109 2054
109 2315
171 114
459 130
459 1705
459 640
488 2053
488 549
488 591
507 1888
507 2391
507 2548
507 549
507 798
507 2427
535 672
535 1560
635 89
635 172
635 177
635 256
635 264
635 375
635 381
635 430
635 436
635 442
635 474
635 632
635 634
635 651
635 660
635 683
635 686
635 722
635 640
640 130
640 199
640 287
640 549
640 574
640 591
640 732
640 1363
640 2054
640 2475
672 130
672 549
672 574
672 591
672 924
672 1003
672 1004
672 1293
672 1343
672 1363
672 1386
672 1460
672 2004
672 2329
672 2360
672 2653
672 2696
672 2040
884 1658
955 560
955 1280
967 56
967 689
967 847
967 848
967 957
967 1032
967 1394
967 1400
967 1561
1074 1174
1296 1198
1661 453
1661 791
1661 1358
1661 1469
1888 2427
2053 2685
2053 2054
2053 2690
2054 591
2054 2685
2315 2287
2421 1906
2421 1829
2421 1856
2421 1868
2421 2389
2421 2590
120 1959
120 1184
120 2175
1959 177
1959 2259
121 731
121 1990
121 595
731 330
731 808
731 1450
731 1778
731 1656
1990 201
1990 233
1990 2093
122 124
122 1093
122 2400
124 2400
124 745
124 747
1093 355
1093 1659
1093 2085
1093 2228
2400 1916
123 553
553 2459
125 394
125 1857
125 160
394 133
394 608
1857 160
1857 2020
1857 2540
126 2208
2208 1761
2208 2313
2208 2234
2208 2235
2228 1094
2228 2068
2228 2085
128 103
128 294
128 565
103 294
103 465
103 471
103 565
1204 537
1204 1153
1204 2624
1409 789
1409 958
1409 1797
1409 2220
1409 2600
1409 2703
1973 247
1973 2451
2165 745
2165 1143
2165 2193
2165 2363
2220 290
2220 1940
2220 1950
2220 1958
2220 2139
2220 2226
2220 2252
2220 2478
2220 2563
2220 2600
2363 163
2363 1719
2363 1969
2446 247
2446 2451
2451 163
132 346
346 143
346 163
346 363
133 608
133 611
134 1782
134 1118
134 2135
1782 565
1782 566
1782 2328
136 159
136 244
136 1102
136 1370
136 1413
136 1479
136 1776
136 2172
136 2231
136 2399
136 2543
136 2635
136 479
136 986
136 1259
136 1539
159 2066
159 2172
159 2543
159 2674
159 985
244 565
244 750
1102 985
1102 1370
1102 1413
1102 1479
1102 1174
1370 2692
1479 2017
1479 2543
1776 1595
1776 2543
2172 2692
2231 2635
2399 2398
2399 2626
2543 2409
2543 2440
2543 2674
137 138
137 416
137 748
138 416
138 748
138 1716
416 1913
416 2510
748 1933
748 1926
748 1941
140 323
323 228
323 1322
323 2467
323 2560
142 227
142 230
142 391
142 520
142 823
142 1283
142 1318
142 1547
227 296
227 823
227 1318
227 1547
227 2319
227 378
227 438
227 478
227 638
230 391
230 406
230 520
230 1284
230 427
230 1283
391 427
391 438
391 1283
520 478
520 524
520 719
823 427
823 1283
1283 427
1283 1284
1283 1318
1283 1547
1318 427
1547 427
143 180
143 363
143 201
180 350
144 444
144 2102
444 753
2102 189
2102 2664
145 390
145 1218
145 1224
145 1530
145 2248
145 2251
145 2280
145 2286
145 2296
145 2521
145 163
145 1646
390 163
1218 163
1218 714
1218 833
1218 1035
1218 1299
1218 1424
1218 1516
1218 1530
1218 1571
1218 1670
1224 163
1224 2673
1224 1333
1530 163
1530 1424
1530 2089
2248 163
2248 2296
2251 163
2251 2296
2280 163
2280 2286
2286 163
2296 163
2521 163
2521 2164
2521 2529
146 17
146 427
146 747
150 50
150 643
50 581
50 583
50 643
643 583
643 49
643 222
643 1904
643 2489
643 1121
1383 1398
1383 1384
117 452
117 513
513 452
157 214
157 560
157 716
157 740
157 766
157 897
157 916
157 1038
157 1075
157 1289
157 1340
157 1375
157 1452
157 1637
157 1718
157 2019
157 2021
157 2095
157 2230
157 2417
157 2540
560 246
560 938
560 1375
560 2287
560 740
560 1452
716 611
740 164
740 418
740 1664
740 1667
740 1683
740 1703
916 427
916 2373
916 2374
916 1038
1038 1196
1075 1340
1289 1452
1340 427
1375 1452
1637 430
1637 1562
1718 1079
1718 201
1718 810
1718 1373
1718 1867
1718 2138
1718 2413
1718 2414
1718 2582
2019 2147
2021 2218
2021 2428
2095 2056
2095 2230
2230 608
2230 611
2540 160
2540 611
158 184
158 433
158 598
158 707
184 428
184 432
184 433
433 428
433 432
598 302
598 307
598 428
598 432
707 195
707 196
2066 985
2066 2062
2066 2674
2674 1352
161 95
161 684
161 713
161 996
161 1147
161 2311
161 759
95 358
95 759
684 525
684 1425
684 779
996 1015
1147 772
1147 1241
2311 2285
2311 2448
162 173
162 775
173 575
173 1378
173 2485
173 294
173 552
173 565
173 566
775 875
775 1459
163 141
163 174
163 191
163 219
163 237
163 266
163 290
163 309
163 380
163 395
163 402
163 415
163 422
163 448
163 523
163 530
163 546
163 602
163 606
163 624
163 658
163 659
163 689
163 714
163 717
163 727
163 743
163 744
163 757
163 765
163 769
163 781
163 800
163 813
163 856
163 910
163 935
163 940
163 942
163 961
163 966
163 982
163 1030
163 1060
163 1065
163 1069
163 1070
163 1098
163 1099
163 1106
163 1110
163 1113
163 1114
163 1127
163 1130
163 1136
163 1139
163 1153
163 1159
163 1178
163 1205
163 1206
163 1207
163 1219
163 1225
163 1253
163 1257
163 1274
163 1277
163 1286
163 1303
163 1305
163 1333
163 1334
163 1362
163 1379
163 1380
163 1404
163 1410
163 1457
163 1467
163 1498
163 1515
163 1536
163 1544
163 1558
163 1571
163 1572
163 1573
163 1575
163 1590
163 1594
163 1650
163 1675
163 1685
163 1689
163 1691
163 1696
163 1715
163 1717
163 1728
163 1729
163 1734
163 1775
163 1784
163 1792
163 1799
163 1807
163 1831
163 1850
163 1872
163 1890
163 1943
163 1971
163 2039
163 2077
163 2116
163 2173
163 2175
163 2177
163 2196
163 2200
163 2202
163 2204
163 2232
163 2259
163 2265
163 2274
163 2295
163 2298
163 2316
163 2361
163 2396
163 2518
163 2554
163 2557
163 2563
163 2564
163 2600
163 2604
163 2638
163 2659
163 2667
163 2673
163 189
163 793
141 1184
174 501
174 503
174 2409
191 395
191 448
191 294
219 402
219 712
219 757
219 846
219 1325
219 1404
219 1689
219 1738
219 2563
237 329
237 1060
266 262
290 1839
290 1911
380 934
380 1257
380 1473
380 1474
380 1737
380 1784
380 2196
380 2641
395 189
402 403
402 681
415 209
415 712
415 789
415 995
415 1737
415 1836
415 2103
415 2353
415 2664
415 523
422 1691
422 1069
422 1685
523 54
523 277
523 283
523 465
523 478
523 508
523 540
523 551
523 565
523 870
523 882
523 910
523 961
523 1214
523 1616
523 1687
523 1921
523 1931
523 2408
523 2480
523 2551
523 2600
523 2642
523 717
530 343
602 1114
602 2334
606 537
624 11
624 112
624 572
624 700
624 659
658 427
658 1577
659 11
659 397
659 625
659 695
689 1580
689 1826
714 833
714 1035
714 1299
714 2089
717 1122
717 1877
717 2502
717 2568
727 1799
727 1016
727 1136
743 65
743 2077
743 2316
743 744
743 2030
743 2659
744 65
744 2077
744 2316
744 2030
757 755
757 1965
757 846
757 2058
769 764
781 846
781 1184
781 1533
800 1136
813 1523
856 793
856 1016
856 1153
910 565
910 902
910 764
910 811
910 964
910 966
910 981
910 982
910 1117
910 1131
910 1140
910 1221
910 1253
910 1311
910 1432
910 1481
910 1573
910 1589
910 1590
910 1673
935 1136
940 934
942 1153
961 1515
966 902
966 964
966 965
966 1131
966 1140
966 1481
966 1673
982 247
1030 1136
1030 1796
1030 1946
1060 965
1060 1890
1060 2039
1060 1136
1060 1523
1065 1063
1065 1279
1065 1106
1065 1153
1065 1305
1069 793
1069 1096
1069 1455
1069 1685
1070 793
1070 1016
1070 1153
1098 343
1098 1305
1098 1911
1099 1178
1106 1305
1110 793
1110 1016
1110 1728
1110 1729
1113 1380
1113 1153
1114 1117
1114 1261
1114 1371
1114 1588
1114 1603
1114 1696
1127 728
1127 793
1127 938
1127 1153
1130 959
1130 1334
1136 1018
1136 1063
1136 1142
1136 1286
1136 1333
1136 1516
1136 1558
1136 1575
1136 1594
1136 1740
1136 1523
1139 793
1139 780
1139 1018
1139 1572
1139 1598
1153 1063
1153 1077
1153 1205
1153 1219
1153 1257
1153 1410
1153 1455
1153 1675
1159 1485
1159 2564
1178 854
1178 956
1178 995
1178 1034
1178 1230
1178 1231
1178 1232
1178 1362
1178 1476
1178 1688
1178 1690
1178 1736
1178 1737
1205 793
1205 1016
1206 789
1206 1544
1207 378
1207 430
1207 900
1207 1333
1225 1117
1225 1333
1253 965
1253 811
1253 1131
1253 1311
1257 1719
1257 1872
1257 2087
1257 2175
1257 2259
1274 343
1274 427
1274 1303
1274 1305
1277 1476
1277 2277
1277 1533
1277 2152
1277 2470
1303 343
1303 2347
1303 2202
1305 728
1305 1016
1305 1575
1305 1740
1333 578
1333 793
1333 1369
1333 1467
1333 1514
1333 1708
1334 793
1334 1696
1362 1184
1362 2175
1380 793
1380 1717
1404 755
1404 1143
1457 569
1457 826
1457 828
1457 1237
1457 1462
1467 793
1498 289
1498 582
1498 1049
1498 1071
1498 1163
1498 1351
1498 1483
1498 2158
1498 2398
1498 2450
1498 1534
1515 988
1515 936
1515 1447
1515 1581
1515 1711
1536 207
1536 1518
1536 2504
1536 1728
1544 566
1558 2564
1571 343
1571 1216
1571 2202
1572 1598
1573 636
1573 764
1573 1432
1573 1481
1573 1673
1573 2174
1590 965
1650 1466
1685 1455
1689 1738
1691 793
1696 1769
1696 1771
1696 1872
1696 1943
1696 1971
1696 2175
1696 2250
1696 2330
1715 793
1715 1386
1715 1734
1717 941
1717 1441
1728 168
1728 1249
1728 1474
1728 1775
1729 1016
1734 793
1734 1249
1734 1592
1775 1771
1775 2082
1775 2116
1775 1793
1775 1795
1784 1184
1784 2199
1784 2688
1784 2705
1792 430
1792 582
1792 2067
1799 1424
1799 2205
1807 2490
1831 1836
1850 2554
1872 1771
1890 2039
1943 1936
1971 995
1971 2211
2039 2254
2077 2030
2116 2125
2173 636
2173 846
2173 2204
2175 1009
2175 1719
2175 1745
2175 1940
2175 2087
2175 2206
2175 2249
2175 2250
2175 2259
2175 2361
2177 1883
2196 938
2196 2267
2200 1969
2200 1797
2200 2703
2202 1980
2202 2638
2204 636
2204 846
2232 411
2232 2058
2259 2271
2259 2261
2265 2347
2274 2237
2295 427
2295 2667
2298 2518
2316 2030
2316 2659
2361 139
2361 2216
2396 503
2396 1583
2396 1952
2396 2563
2557 430
2557 686
2557 1947
2563 1583
2564 1785
2604 168
2604 1631
2604 2330
2659 2030
2667 2381
2667 2429
2667 2504
2673 638
2673 995
2673 2541
164 517
517 1170
517 1198
517 2509
165 432
432 302
432 428
166 457
166 1125
166 649
457 649
1125 817
1125 818
1125 857
1125 1483
1125 1496
167 559
167 552
167 554
167 1459
559 552
559 1816
559 1378
559 2341
168 475
168 1756
1756 745
1756 1663
1756 2603
1756 2613
169 212
575 552
575 565
575 882
575 1378
575 2485
575 738
575 843
1378 565
1378 21
1378 882
1378 970
1378 1540
1378 2485
2485 565
2485 566
2485 2480
2485 749
2485 1816
177 885
177 1489
177 430
177 911
177 965
177 2192
885 831
885 1335
1489 837
185 389
389 577
262 793
262 1980
755 2058
189 2664
2664 712
192 10
192 193
192 280
192 420
192 439
192 510
192 519
192 705
10 193
10 280
10 420
10 519
193 280
193 420
193 519
193 2549
280 519
280 2549
420 439
420 519
420 2214
420 2590
439 97
439 388
510 356
510 519
510 2223
519 190
519 705
519 2223
519 2549
519 2590
519 2608
519 2448
705 1910
2549 2608
194 673
195 196
195 735
196 216
216 735
200 1464
201 427
201 350
427 350
427 205
427 312
427 353
427 406
427 461
427 493
427 494
427 526
427 561
427 584
427 610
427 665
427 674
427 696
427 698
427 946
427 954
427 1037
427 1284
427 1399
427 1405
427 1488
427 1577
427 1760
427 1766
427 1811
427 1914
427 1975
427 1999
427 2044
427 2255
427 2258
427 2306
427 2383
427 2388
427 2412
427 2437
427 2448
427 2453
427 2574
427 2658
427 2683
427 477
427 2024
204 274
204 597
204 741
204 1811
204 2410
204 2650
204 747
204 1645
274 478
274 566
597 106
597 224
597 434
597 675
741 687
741 1157
741 747
1811 2410
2410 2049
2650 2215
205 600
205 745
205 747
600 745
600 747
600 1052
206 1042
206 1028
206 1488
206 1490
1042 1028
1042 1037
1042 1435
1042 1043
207 747
1270 430
1270 627
1270 236
1270 1335
1270 2342
2343 430
2343 1337
2343 1618
2343 2443
209 2704
209 2334
2704 2407
148 460
148 656
148 1649
148 1687
644 552
644 565
217 685
217 2355
217 747
685 747
2355 763
2355 1879
712 54
712 681
712 1036
712 1965
846 1533
1325 1175
1325 2170
1325 2309
1738 1264
296 438
296 638
296 692
296 1236
2319 2131
2319 2479
228 119
228 259
228 900
228 2465
228 2617
119 430
119 686
259 320
259 582
900 1351
900 1533
900 1583
2465 638
2465 2057
2617 344
2617 1275
2617 1428
2617 2091
406 311
406 2307
1284 430
1284 1055
1284 1169
236 156
236 1617
236 430
236 1271
156 314
156 431
156 521
1617 430
1617 1107
301 489
240 61
240 2308
240 2652
2308 2652
243 53
243 357
243 728
53 803
53 1439
53 1563
357 537
357 803
357 1563
357 2089
245 172
245 1636
172 430
247 500
247 1117
247 1261
500 1767
500 2444
1117 562
1117 1261
1117 1588
1117 1603
1117 2332
1117 2089
1261 2089
248 105
248 419
248 398
248 1326
248 2088
105 1326
105 2434
419 260
419 398
419 1747
419 1326
419 1527
499 1287
499 1288
584 639
639 1763
251 6
251 932
251 1505
251 1877
251 2560
251 865
6 490
932 865
932 1505
1505 865
1505 2560
1877 414
1877 578
1877 2215
2560 649
2560 865
2560 2555
1815 489
1815 2670
1815 2671
2670 489
256 430
256 634
256 928
256 983
256 2225
256 2369
430 89
430 223
430 381
430 524
430 632
430 651
430 683
430 686
430 1020
430 1165
430 1568
430 2033
430 2137
430 2197
430 2593
430 634
430 1569
634 686
634 1513
634 2593
634 1570
928 983
928 1636
983 887
983 1002
983 1302
983 1735
983 1636
2225 1608
2225 1732
2225 2423
2369 426
2369 2607
257 480
257 667
480 667
480 2270
480 2570
1031 1328
1111 1101
1111 1412
1111 2292
1111 1328
1111 1339
1111 1570
260 619
260 2069
260 2166
260 2524
260 1324
260 1527
260 2559
2069 2434
2166 772
2166 1527
2166 776
2166 971
2166 2167
2166 2524
2524 1527
2524 1894
2524 2088
261 626
626 687
616 438
616 2046
2046 2107
2571 1878
2571 2107
2571 2496
270 276
270 339
270 342
270 467
270 495
270 573
276 1993
276 2546
276 342
276 467
276 2115
271 718
271 2056
718 611
272 516
272 914
272 1551
914 1551
275 464
464 279
464 467
464 573
1993 342
1993 729
1993 1945
1993 2546
2546 342
281 460
281 858
283 2093
283 565
283 747
286 178
286 1963
286 2195
286 378
178 378
1963 378
1963 2195
2195 378
289 1278
289 2568
289 612
289 1534
289 1535
289 1537
1278 486
1278 583
1278 1534
2568 583
2568 612
2568 2544
291 487
292 904
292 759
904 1372
294 21
294 83
294 186
294 277
294 465
294 466
294 477
294 483
294 502
294 554
294 564
294 565
294 566
294 588
294 633
294 636
294 638
294 665
294 699
294 807
294 1353
294 1438
294 1672
294 2430
294 2476
21 438
21 567
83 747
186 566
186 588
186 747
277 483
277 552
277 567
465 118
465 466
465 565
465 566
465 2027
465 2672
466 16
466 552
466 565
466 566
477 229
477 333
477 1645
477 1766
477 2409
477 2658
477 565
477 566
477 745
483 367
483 650
483 749
483 933
483 552
483 566
502 565
502 567
502 747
502 2536
554 552
554 446
554 1859
554 565
554 875
564 565
564 738
564 1841
565 2
565 118
565 333
565 367
565 385
565 478
565 492
565 566
565 621
565 633
565 671
565 691
565 738
565 773
565 842
565 882
565 1012
565 1213
565 1316
565 1373
565 1376
565 1401
565 1438
565 1529
565 1540
565 1585
565 1616
565 1727
565 1741
565 1859
565 1957
565 1975
565 2027
565 2118
565 2472
565 2480
565 2628
565 2629
565 2642
565 2672
566 16
566 321
566 333
566 449
566 472
566 588
566 633
566 671
566 699
566 733
566 858
566 1447
566 1643
566 1816
566 2221
566 2480
566 2658
566 1459
588 699
588 747
633 611
633 1459
636 552
636 118
636 764
636 2027
636 2174
636 2233
636 2672
636 2687
638 89
638 264
638 348
638 375
638 441
638 449
638 521
638 618
638 722
638 779
638 862
638 1027
638 1189
638 1312
638 1327
638 1460
638 1468
638 1539
638 1808
638 1919
638 2045
638 2146
638 2171
638 2426
638 2541
638 2409
665 747
699 747
807 1438
807 1672
1353 934
1353 2302
1353 2317
1672 696
1672 899
1672 903
1672 1352
1672 1564
2430 1860
2430 2647
2476 2472
1012 882
1316 882
2078 1459
2078 1983
2078 2406
299 596
299 1827
299 2083
299 2110
1827 574
1827 1962
1827 2083
1827 2110
1827 2224
2083 2511
302 428
1376 738
1376 1727
307 735
308 9
308 1456
308 2028
9 453
9 481
1456 1095
1456 1343
1456 1469
2028 1003
2028 2653
314 1073
314 1244
314 1596
314 1684
314 1726
314 509
1073 1112
1073 1182
1073 1569
1073 1636
1244 344
1244 348
1244 1061
1244 1596
1596 348
1684 1182
1684 1569
1684 1636
1684 1647
1684 1726
1726 1182
1726 1569
1726 1679
318 445
318 686
318 991
318 1173
318 2427
318 426
318 1644
445 690
686 223
686 381
686 683
686 1273
686 2541
991 858
991 1084
991 1368
1173 1328
2427 2394
2427 2391
2427 2548
2427 2591
319 29
319 1273
29 382
29 426
29 429
1273 569
1273 826
1273 1422
1027 378
1027 56
1027 1388
1027 1322
1027 1336
278 326
278 1898
326 327
325 211
325 1201
211 645
211 1527
211 2076
327 1532
327 1899
1532 558
1532 577
1532 782
1532 925
1532 1480
1532 1487
1899 2292
331 179
331 774
179 608
179 611
774 1493
774 2707
1064 623
1064 952
339 495
339 1549
339 1602
339 342
495 342
495 467
1549 1602
1602 971
1602 1326
340 341
340 529
340 709
341 529
341 709
529 709
342 467
342 729
342 776
342 1945
342 1800
342 2016
467 729
467 2000
467 2016
729 67
729 1945
776 398
776 1326
776 2088
343 1577
343 1523
1577 1580
344 1
344 316
344 335
344 348
344 521
344 675
344 963
344 1007
344 1260
344 1267
344 1275
344 1312
344 1442
344 1445
344 1622
344 1627
344 1671
344 1881
344 2032
344 2171
344 2229
344 2290
344 2291
344 2339
344 2426
344 2589
344 2609
344 2215
335 378
335 426
335 585
521 2312
521 1081
521 1082
521 1259
675 1429
675 1442
675 1445
675 2339
675 2215
963 1519
1007 837
1007 1919
1007 2217
1007 2426
1260 654
1260 1104
1260 1269
1260 1312
1260 2090
1267 1335
1267 1500
1267 1512
1275 378
1275 426
1275 585
1275 1234
1275 2290
1275 2291
1312 418
1312 1269
1312 1622
1312 1428
1442 414
1442 1135
1442 1444
1442 1445
1445 414
1622 1322
1622 1428
1622 1578
1627 479
1627 1177
1671 1512
1881 2449
1881 2450
2032 2171
2171 2031
2229 1428
2229 2663
2290 378
2290 585
2290 2213
2290 2291
2291 378
2291 585
2339 2126
2426 1686
2426 1919
2426 2126
2426 2282
2426 2431
2426 2493
2589 2329
2589 2424
2609 2079
2609 2080
1924 2040
350 111
350 351
350 664
350 730
350 770
351 730
664 978
730 770
730 1889
770 1285
354 330
354 839
354 1072
354 1520
330 359
330 747
839 1067
839 1526
839 1072
839 1520
1072 1520
355 1094
355 2068
355 745
355 1562
1094 1659
1094 2085
356 190
190 2223
359 203
359 808
359 1068
359 1320
359 1342
359 1787
359 1871
359 2322
359 2376
359 2422
359 2498
359 2499
359 2505
359 2567
203 747
203 2499
808 863
808 1320
808 1342
808 1450
1068 726
1068 989
1068 2499
1068 2500
1320 1300
1342 1300
1342 2454
1787 2499
1787 2676
1871 2499
2322 2498
2322 2499
2322 2500
2376 2422
2376 2499
2376 2500
2422 2499
2422 2500
2498 2147
2498 2500
2498 2567
2498 2499
2499 863
2499 1418
2499 1935
2499 2147
2499 2357
2499 2385
2499 2500
2499 2505
2505 611
360 151
360 698
151 1528
151 1595
364 366
364 590
364 365
366 590
590 365
365 2572
365 2112
2572 2112
367 440
367 552
440 414
440 562
2507 2239
2507 2373
2507 2374
375 836
375 1576
836 426
836 1266
836 1595
1576 426
1576 1266
1576 1595
378 218
378 396
378 585
378 692
378 960
378 1061
378 1238
378 1290
378 1644
378 1678
378 2042
378 2447
378 1539
218 478
218 1290
396 478
585 911
585 1061
585 2091
692 438
692 1191
960 1292
960 1301
1061 426
1061 1010
1061 1578
1061 1651
1238 1025
1238 1500
1238 1290
1290 1019
1290 429
1290 893
1290 1025
1290 1191
1290 1197
1290 1226
1290 1644
1290 1712
1290 1918
1290 2080
1290 2169
1290 2329
1644 462
1644 822
1644 986
1644 1256
1644 1328
1644 1601
1644 1732
1644 1862
1644 1863
1644 2364
1644 2409
1644 2423
1644 2484
1644 2614
1644 2616
1678 861
1678 1339
1678 1570
2042 2428
2447 2010
379 176
379 756
176 756
934 860
934 1009
934 1631
1473 1249
1473 1474
1474 1249
1737 1736
2641 1745
382 1837
382 2132
382 1236
1837 2132
387 293
388 2590
1250 1251
403 2104
403 2302
403 2309
681 2309
2104 2302
405 753
405 1285
405 1592
753 409
311 552
407 512
407 1298
407 1763
407 1875
407 2439
512 411
1298 409
1298 1285
1298 1592
1763 611
1763 745
1763 2611
1875 2439
1875 2553
409 1606
409 2582
1606 826
1606 1293
1606 2381
2582 411
2582 462
2582 2178
2 471
2 552
298 552
411 1470
411 1600
411 2594
1470 1037
1470 1464
1600 946
1600 1293
2594 2306
412 552
414 908
414 1174
908 809
908 919
908 2304
995 956
995 1230
995 1231
995 1232
995 1495
995 1690
995 1985
995 2139
1836 2334
2103 2334
2353 2334
417 317
417 508
317 508
317 2326
508 2326
418 135
418 1269
418 479
418 1198
135 654
1269 453
1269 569
1269 876
1269 2618
1747 1324
1747 1326
1747 1527
1747 2160
1747 2434
1747 2559
2214 2223
557 558
426 303
426 937
426 1187
426 1486
426 1528
426 2126
426 2431
303 478
303 1174
303 2091
937 1234
1187 1234
1486 1008
1486 1569
1528 1487
2126 2213
2126 2591
2431 1919
2431 2591
312 577
312 645
312 772
353 747
494 747
526 747
561 745
561 747
610 747
696 579
696 747
698 474
698 1431
946 1179
954 450
954 1461
954 1591
954 969
1037 1028
1037 1610
1399 1463
1405 1463
1488 611
1488 980
1488 1668
1488 1490
1760 1879
1766 1810
1914 2176
1975 2408
1975 2655
1975 2689
1999 2003
1999 2515
2044 1149
2044 2683
2255 2412
2258 1887
2306 2049
2383 1820
2388 2575
2412 1758
2437 745
2437 2433
2448 2526
2453 2666
2574 2107
2658 843
2658 2647
2658 691
2658 1860
2683 668
2683 687
429 1514
381 2342
524 1169
524 1454
632 401
632 683
632 1582
632 1909
632 2508
683 1860
1020 2577
1020 1322
1020 1328
1020 1329
1020 1337
1165 1327
1568 1053
1568 1328
2033 2622
2137 431
2137 2508
2197 2342
2593 2342
431 1608
438 79
438 96
438 550
438 607
438 710
438 720
79 2207
96 478
96 649
96 2061
550 569
550 1422
550 2423
607 821
607 1055
607 1306
710 569
710 847
441 297
297 809
297 1321
442 401
442 1908
401 577
401 2462
447 630
447 1471
447 1501
630 408
1471 693
1471 1281
1471 1282
1471 1501
1471 1633
1501 693
453 514
453 706
453 876
453 1025
453 1358
453 1449
453 1566
453 1712
453 2034
453 2059
453 2092
453 2098
453 2099
453 2156
453 2354
453 2455
453 2618
453 549
453 591
453 1124
514 506
514 569
876 1006
876 1025
1025 569
1025 1006
1025 1388
1025 1449
1025 1712
1358 591
1358 1567
1566 1124
1566 1567
1712 569
2034 558
2034 577
2034 2015
2059 2651
2092 2015
2098 2099
2098 2156
2099 569
2354 555
2354 556
2354 2360
2354 2455
2618 2509
454 541
454 1368
454 539
541 539
541 1123
455 374
455 552
374 552
1748 2182
2653 1363
1705 1364
1705 1469
1705 2356
462 187
2027 2409
2672 2409
16 552
16 1697
2000 2115
468 182
468 491
468 896
468 2377
182 491
491 2377
491 2318
896 888
896 1372
2377 2025
471 1045
471 1859
471 621
1045 1540
1859 621
1859 1791
476 605
476 1056
476 1091
605 676
1056 676
1056 1014
1091 676
1091 1014
1091 1288
229 747
1645 797
2409 1869
478 470
478 497
478 568
478 618
478 754
478 479
497 2342
568 843
479 147
479 449
479 649
479 1354
479 2300
479 2636
449 1539
649 752
649 1643
649 2123
649 2403
649 2581
1354 313
1354 806
1354 911
1354 992
1354 994
1354 1001
1354 1039
1354 1040
1354 1047
1354 1089
1354 1123
1354 1176
1354 1188
1354 1304
1354 1317
1354 1420
1354 1426
1354 1465
1354 1674
1354 1680
1354 1695
2300 1337
2300 2636
650 472
650 1557
650 656
650 1006
749 552
749 1459
933 875
485 711
485 1838
485 2380
485 2514
485 2561
1838 719
1838 2380
1838 2514
1838 1908
2380 2514
2380 2561
2514 1908
2514 2558
2561 719
2561 1527
2561 1908
486 1597
1597 1138
1597 1534
489 747
490 5
490 213
490 492
490 734
5 2164
213 492
213 734
492 734
492 1186
492 2323
492 1741
492 2419
1186 591
1186 1268
1186 1309
2323 788
2323 1268
2323 2419
496 501
496 1896
496 2393
496 663
501 503
501 663
1896 1851
1896 2393
2393 663
2393 1813
2393 1952
2393 2029
503 1813
503 1851
503 1952
503 2029
1813 1818
1952 2029
2029 1818
504 702
2391 2548
509 669
515 637
515 2164
637 623
2312 1082
2312 1259
2312 2587
525 1419
525 1425
525 1427
54 615
54 1687
54 2334
540 543
540 603
540 1121
540 1640
551 2215
551 2473
870 1687
882 1616
882 1529
1214 583
1214 1635
1687 1459
1687 1649
1687 773
1687 1137
1687 1189
1687 1228
1687 1557
1921 1408
1921 2402
1921 1931
1931 1408
1931 2277
1931 2402
1931 2624
2408 2145
2480 653
2551 2473
1169 1454
527 2606
527 747
527 1656
527 1968
527 2662
2606 2337
2606 2459
2606 2611
2606 2662
531 1490
531 693
531 2187
534 313
313 801
313 1377
313 1642
1036 1662
2309 1969
539 1209
539 1210
539 1453
539 1665
539 1123
1209 1215
1210 883
1210 1453
1453 1152
1665 883
603 670
603 1047
603 1640
1121 806
1121 1046
1121 1138
1121 1640
1121 1344
1640 1345
1640 1355
1640 2706
542 779
542 747
542 1203
779 747
779 1203
549 287
549 574
549 591
287 591
574 1006
574 1962
574 2040
574 2360
574 2475
591 199
591 848
591 1032
591 1105
591 2155
591 2182
591 2475
591 2690
2215 2057
2473 434
2473 1192
552 370
552 446
552 451
552 472
552 473
552 621
552 653
552 671
552 691
552 723
552 738
370 562
370 875
451 2537
451 2666
472 1006
473 1459
621 738
671 562
671 1599
671 1459
691 1557
691 1649
738 1183
738 1213
738 1585
738 1727
738 1741
738 2628
738 2629
555 556
555 615
556 615
556 2360
615 614
615 98
558 376
558 905
558 1137
558 1555
558 1816
558 2463
558 2660
376 641
376 704
905 1397
905 976
905 1287
905 1393
1137 1459
1555 1158
2660 577
2660 1933
938 611
562 1183
562 1401
562 1889
562 2014
562 2018
1183 1193
1183 1202
1401 951
1401 1554
1401 2605
1889 2586
1889 2648
2014 1828
2014 2018
2018 1828
385 567
773 656
773 1643
842 1540
1213 1649
1373 1366
1529 1314
1540 1118
1540 1459
1540 1443
1585 804
1741 1841
1957 2536
2628 2629
2629 2536
321 1192
321 1954
321 2179
321 2305
858 2035
858 1084
858 2303
858 2556
1447 1581
1643 868
1643 1189
1643 1649
2221 1459
2221 1527
2221 1757
2221 2404
567 970
567 1828
970 1396
970 974
970 1533
569 767
569 1000
569 1092
569 1430
569 1522
1000 1185
1092 1484
1430 1356
1430 1484
1522 1484
1067 834
1067 1801
1067 1814
1200 1520
1243 1245
1243 1524
1245 1520
1245 1524
1246 1520
1258 1520
1381 1524
1524 1520
1524 1526
1814 834
1814 1801
1922 2026
2026 2552
1762 2694
2331 2694
572 112
572 747
112 747
1006 2040
1006 2360
1962 2509
2040 2004
2040 2360
2360 1386
2360 2004
2360 2273
2475 1363
2475 2246
726 1418
834 1520
834 1821
1014 676
1526 1520
1710 1656
1710 1450
1801 1821
577 1502
577 2492
1502 772
1502 1288
1502 1393
2492 2461
2492 1900
2492 2547
578 1122
1122 594
1122 799
1122 1194
1122 1534
580 922
580 1212
580 581
580 1126
580 1215
580 1497
922 923
922 1233
922 1416
1212 1126
1212 817
1212 818
1212 819
1212 1552
1212 1497
581 49
581 222
582 818
818 817
818 819
818 1215
583 1126
583 2371
583 2398
1126 923
1126 1497
1126 2489
1126 2371
1126 2372
2371 2489
2398 2372
2398 2184
589 282
589 592
589 1509
282 592
592 1144
592 1509
848 847
848 1032
848 1223
848 1388
848 1400
848 1468
848 1607
848 1739
1032 847
1032 1335
1105 798
1105 1026
1105 2356
2155 2467
2182 1003
2182 2011
2182 1835
2182 2146
2182 2633
1144 1509
593 300
593 594
300 1621
594 1194
594 1621
595 233
224 1601
224 1819
434 1339
821 1389
821 1421
1055 1059
608 611
611 368
611 386
611 413
611 579
611 864
611 899
611 1116
611 1265
611 1315
611 1352
611 1493
611 1499
611 1564
611 1668
611 1732
611 1755
611 1935
611 2050
611 2260
611 2325
611 2340
611 2352
611 2378
611 2385
611 2501
611 2676
611 719
611 1079
368 747
386 745
386 747
579 747
864 1079
899 1564
899 1565
1116 1593
1265 921
1265 1725
1315 668
1315 1079
1315 2595
1315 2452
1493 1732
1499 1050
1499 1306
1499 1310
1564 687
1564 745
1668 2535
1668 1910
1668 2378
1732 853
1732 2423
1755 2432
1935 2340
2050 2378
2260 2501
2325 745
2325 2538
2352 2055
2385 2676
612 1046
612 629
612 1348
1046 1344
1046 1345
1046 2706
98 1954
98 2696
617 226
623 2140
623 1172
623 2341
2140 1268
2140 1898
2140 2108
2140 2292
700 625
700 747
700 879
627 338
627 1057
627 1562
627 1679
1057 631
1057 1307
1057 1359
1057 1484
1562 631
1679 1569
629 221
629 1535
629 1537
1513 785
1513 862
1513 1328
1513 1812
764 1311
764 1581
764 2174
764 2687
2174 2687
2233 703
2233 2201
862 785
862 1155
862 1407
862 2364
862 986
862 1019
862 1812
862 2423
1327 1569
1460 924
1468 847
1539 924
1539 2091
1808 2210
2045 2550
2146 1003
2146 1004
1363 786
1363 1343
1363 1364
1363 2168
641 484
641 1739
484 642
484 1574
642 697
1904 2556
2489 2372
645 51
645 742
51 772
51 2559
742 772
646 450
450 2558
752 1621
2123 2482
2403 2581
1557 1649
655 198
655 747
198 747
656 657
657 1581
397 747
397 2346
695 747
695 1967
1191 1053
1191 2423
978 1593
978 1954
667 1356
667 2227
667 2270
667 2570
2270 2043
668 1508
668 2413
668 2414
668 2562
1508 1724
2413 1366
2413 2239
2413 2373
2414 1366
2414 2239
2414 2373
2562 1366
2562 2595
1599 1697
924 1480
924 1309
1003 786
1003 791
1003 1004
1003 1343
1003 1364
1003 1469
1003 2483
1004 786
1004 791
1004 1343
1004 1364
1004 1469
1004 2350
1004 2483
1293 1592
1343 1364
2329 1428
2329 1918
2329 2080
2696 2036
2696 2695
1429 1208
1429 1601
678 528
687 110
687 1157
687 1700
687 1704
687 2381
687 745
110 745
110 747
1157 745
1157 1700
1157 1704
1700 745
1704 745
1580 1625
1826 2630
690 2457
2457 1980
693 648
1431 861
1431 1412
703 747
1965 2089
833 1516
833 2001
833 1796
1035 1216
1299 1216
1299 1392
2502 2605
719 609
719 1112
719 1133
719 1666
719 747
609 747
1112 926
1112 1403
1112 1512
1112 2415
1112 1618
1133 1666
93 759
1418 989
728 943
728 1466
728 1016
943 793
943 1016
943 1466
943 1646
1466 1016
1778 2024
735 1956
735 2106
735 2527
735 2649
1956 2527
1956 2649
2106 1750
2106 2649
2527 1961
2527 2100
2649 2436
1664 804
1664 1697
1667 1697
1683 1198
1683 1697
1703 1697
745 91
745 458
745 666
745 962
745 1886
745 2162
745 2336
745 1884
745 1885
91 747
458 747
962 829
1886 1884
1886 1885
1886 1902
2162 2586
2162 2599
2336 2579
747 73
747 104
747 113
747 175
747 235
747 315
747 328
747 336
747 349
747 362
747 369
747 545
747 599
747 620
747 628
747 724
747 737
747 763
328 2619
362 2191
724 2612
737 2024
763 241
763 1879
1621 824
1621 1194
1621 1448
1311 1140
1581 1711
772 768
772 1241
772 2076
772 2167
1241 912
1241 1141
1241 2559
2076 1324
2076 1527
2076 2559
2167 2088
2167 2161
784 845
784 1338
784 917
1338 917
1338 1015
1338 855
1338 1654
785 1155
785 1328
785 1812
786 791
791 1560
1437 891
1437 1287
1437 1393
1437 1593
788 1268
788 1414
788 2341
1268 976
1268 1414
1268 1757
1268 1842
1268 1898
1268 2419
1414 1287
1414 1288
1414 1393
790 1510
790 1234
790 2057
1510 1234
1510 2057
792 1095
792 798
1095 798
1095 1433
1095 1360
793 959
793 1249
793 1330
793 1455
793 1694
1249 1054
1249 1408
1330 1167
1455 1694
795 794
795 865
798 1433
1433 1026
801 1475
801 1542
1475 1642
802 973
802 1168
973 993
803 1439
803 1563
804 1459
804 1697
805 930
809 812
809 814
809 919
809 1044
809 1080
809 1190
809 1222
809 1229
809 1365
809 1615
809 1639
812 1044
812 1080
812 1365
812 814
812 1341
814 1044
814 1365
814 1080
814 1321
1044 1341
1044 1365
1080 1321
1190 1321
1222 1321
1229 1615
1615 1639
817 819
817 1367
819 1154
819 1215
820 829
820 1115
820 1146
820 1252
829 1252
1115 1252
824 1215
824 1707
1215 825
1215 1699
1215 1707
1707 825
826 1237
826 1422
1237 1422
1237 1484
1422 828
1422 1223
1422 1657
832 1052
2001 1796
837 1686
1686 2282
838 1458
1458 1714
843 1101
1101 1328
1533 1730
847 1402
1223 1607
1223 1335
1388 1586
1607 1053
1607 1335
849 1720
857 2060
857 1483
2060 1483
2060 2062
2035 1084
2035 2303
860 1940
860 1184
860 1911
1940 2250
1155 783
1155 1407
1155 1328
1155 1601
1155 1812
1407 783
1407 1626
1407 1812
2364 1812
1591 1050
873 920
873 1520
920 1520
875 1192
1192 2150
877 1651
877 1010
877 1569
877 1578
1651 1010
1651 1578
878 1023
878 1472
1023 1090
880 815
880 1523
815 1523
816 1203
1119 2405
1119 1203
1411 1203
1411 2203
2203 2397
2203 2405
2405 2397
2454 1058
2454 2129
2702 2624
831 2243
831 2466
888 1731
895 1436
902 964
902 965
902 981
902 1174
964 965
964 1140
964 1432
964 1481
964 1673
965 981
965 1140
965 1432
965 1481
965 1673
981 1140
1397 1287
1397 1393
909 827
909 913
909 1527
909 1894
827 913
827 1527
827 1894
811 1140
1221 1797
1221 2703
912 1149
912 1150
1149 1150
1149 1323
1150 1323
1150 1630
2373 1366
2373 2374
2374 1366
917 850
923 1233
923 1416
930 1062
930 1254
1062 1323
1062 2651
1062 1254
1254 1464
1009 1079
1631 2330
1631 2407
1631 2598
939 1242
941 1441
1441 1638
951 1554
951 2605
952 1660
1461 1288
1461 1357
1461 1593
971 1326
971 1527
972 953
976 1287
976 1393
1002 1735
1735 1626
985 2038
2038 2692
986 1642
986 2484
986 2605
986 2616
986 2614
1642 1377
2484 2614
2484 2616
2616 2614
1774 1968
1774 2619
956 1231
956 2598
1230 1231
1230 2470
1230 2598
1231 854
1231 1232
1231 1985
1231 2086
1231 1495
1232 2211
1232 2598
1690 1736
1985 2065
2139 2226
1364 1469
2483 1848
2350 2168
1005 1313
1313 1623
1313 1655
1313 1382
2217 2282
1008 1011
1008 1569
1011 1010
1011 1569
1010 1182
1010 1569
1010 1578
1182 1569
1182 1578
1015 852
852 1654
1016 1670
1018 1142
1019 853
1019 926
1019 927
1019 1256
853 1053
853 2423
927 1328
1256 2675
2577 2180
2577 2342
2577 2367
2577 2508
1090 1029
1028 1435
1028 1610
1435 1043
1034 1730
1196 840
1344 1047
1344 1138
1344 1345
1047 1355
1047 1420
1047 1345
1047 1348
1355 1648
1420 1138
1048 984
1050 1171
1050 1306
1050 1389
1050 1492
1306 1310
1389 1079
1389 2707
1492 1724
1052 1051
1051 2576
1053 1197
1053 1463
1197 1484
1197 2634
1463 1361
1463 1406
1463 1512
1058 1211
1211 1247
1211 1520
1323 1145
1323 1195
1063 1628
1628 1175
1076 1078
1076 1086
1076 2461
1078 1086
1078 2461
1079 1724
1724 1538
1081 1082
1081 1259
1082 1259
1086 1545
1086 1582
1086 1527
1545 1582
1545 1909
1582 2677
1582 1908
1582 1909
1582 2017
1107 1328
1109 2151
1109 1328
1109 1570
2151 2037
2151 1584
2151 2342
1412 1328
1512 1335
1512 1087
1512 1235
1512 1608
2415 2530
1588 2334
1603 2089
1593 1288
2332 2334
1120 1677
1120 2275
2275 2268
2275 2191
2275 2445
2275 2522
806 1138
1138 2706
799 1699
799 1706
799 2656
1123 1176
1123 1188
1123 1483
1123 1674
1123 1680
1176 2272
1176 1285
1176 1592
1483 2052
1124 1567
1497 901
1497 1163
1134 1264
1134 2281
2281 2429
780 1598
1151 1350
783 1328
783 1812
1156 1013
1485 1252
1160 1166
1161 2324
1161 1560
1161 1592
1161 1702
1161 2423
1161 2657
2324 2326
1164 1584
1164 1570
1164 1626
1584 1328
1584 1626
1584 2037
1167 1331
1167 1332
1170 1198
1172 915
1172 1141
1172 2108
1172 2341
915 1294
2108 1898
2341 1757
2341 1842
1174 893
1174 1033
1174 1135
1174 1297
893 1259
1135 1444
2272 1866
1177 1180
1177 1620
1177 1519
1180 1620
854 2211
854 2598
1688 1228
1184 2199
2199 2133
1195 1630
1195 1203
1630 1203
1198 859
1552 1554
1635 1706
1699 2656
1216 1719
1217 1349
1227 1236
1236 861
1236 1669
2086 2065
1234 977
1234 1226
1234 1263
1263 2585
1500 1484
1500 2180
841 2559
1252 830
1252 907
1252 918
1252 1477
1464 1021
1464 1100
1719 1911
1719 2261
2087 1911
2087 2261
1259 1944
1259 2213
1944 2091
2213 2253
2213 2539
1104 1262
921 1725
1266 1301
1266 1663
1335 944
1335 1478
1335 1337
1335 1339
1757 1842
1271 997
1272 1604
1272 1281
1272 1282
1272 1346
1272 1451
1604 1281
1604 1451
2277 2252
2277 2269
2277 2624
1281 948
1281 1282
1281 1451
1281 1346
948 1282
948 1446
1282 1022
1282 1446
1282 1494
1451 1346
1285 968
1285 1382
1287 810
2169 2420
1292 1049
1292 1071
1292 1085
1049 1329
1071 1329
1295 886
1301 2346
1301 1595
2346 1595
2346 1967
2347 2254
1307 1657
1657 1462
1657 1595
1308 1504
1308 1507
1308 1503
1308 1506
1504 1503
1504 1108
1504 1276
1504 1415
1504 1507
1504 1525
1504 1506
1507 1503
1507 1506
1507 1108
1309 1132
2595 2452
1319 1391
1321 1041
1322 2539
2539 1428
1324 1543
1543 1527
1326 2144
1326 2161
1326 2434
2144 1894
2434 2160
1328 947
1328 1423
1329 2127
2127 2338
944 1337
1478 1336
1478 2338
855 1654
1339 1570
1339 2443
1339 2677
2443 2338
2677 1909
2677 2017
2677 2338
1348 1535
1348 1537
1674 1680
1366 2239
1385 1653
1385 1706
1387 1239
1393 1097
1143 2429
1421 1417
1428 2079
1428 2424
1428 2493
1428 1601
1208 1434
1459 2404
1357 1511
2052 2062
1484 822
1484 1482
1491 851
1491 903
1491 1390
1491 1605
901 1554
1163 1534
2158 2449
2450 2449
1503 1108
1503 1276
1503 1525
1108 1506
1276 1506
1276 1525
1525 1506
1525 1415
1415 1506
1235 2508
1527 2088
1527 2420
1527 2525
1527 1894
2088 2525
1534 1556
1556 1537
1535 1537
2504 1663
1541 1395
1199 1702
1560 2198
2198 2537
2198 2695
1565 1088
1569 1587
1569 1609
1569 1721
1595 1862
1595 1863
1595 2675
1862 1863
1862 2675
1601 2423
1612 1517
1629 796
2330 1769
2330 2598
1636 2074
2074 1647
2074 2607
2074 2615
868 1649
2423 2627
2423 2657
1647 1908
1647 2586
1647 2615
1649 1228
1228 1693
1656 1822
1656 2357
1822 2662
1659 1652
1660 1083
2535 2176
1681 1682
2250 2271
1716 1991
1716 2153
1870 2362
1978 2510
1991 2510
1992 2153
2002 2153
2002 2510
2153 1977
2153 2008
2153 2022
2153 2025
2153 2219
2153 2318
2153 2699
2510 2362
2510 1977
1867 1754
2138 2285
1746 1948
1751 2691
1759 2288
1759 2697
1759 2698
2288 2697
1764 1938
1764 1770
1938 1765
1938 1770
1765 1770
1773 2545
2545 1794
2545 1795
2545 2082
2545 2178
2082 1793
2082 1795
2082 2178
1777 2064
1777 1802
2064 1802
1781 1819
1781 2663
2688 1839
2688 1840
2688 2216
2705 1839
2705 1840
2705 2216
1789 2469
1793 1795
1793 2178
1793 2181
1795 1794
1795 1788
1795 2178
1795 2181
2178 1794
2178 1788
2178 2181
1788 2181
1796 1917
1917 2334
1798 2120
1800 1901
1800 1907
1800 1995
1800 2016
1800 1994
1901 2301
1907 1995
1907 2301
1995 1994
1995 2097
1804 2289
1804 1805
2289 1805
1806 2279
1806 2570
2279 2579
1817 2464
1818 2073
1820 2569
1843 2626
2626 2656
1846 1927
1846 1847
1846 2537
1927 1847
1927 2537
1849 2163
1853 1861
1853 2320
2320 2511
2482 2645
1860 2428
1754 1869
1873 1998
1874 1920
1878 2624
1884 1902
1884 1885
1902 1885
1902 1887
1892 2131
2131 2030
1910 2081
1910 2159
1910 2242
1910 2366
1910 2375
1910 2416
1910 2488
1910 2506
1910 2575
1910 2661
2081 2159
2081 2366
2159 2661
2242 2458
2242 2661
2366 2458
2366 2506
2366 2575
2375 2416
2375 2661
2416 2506
2506 2458
2506 2575
2506 2661
1911 2206
2206 2133
2206 1925
2206 1984
2206 2261
2206 2379
1915 1981
1915 2497
1981 2491
1926 1941
1929 2349
1939 2307
2307 1772
1946 2516
1954 2150
1954 2183
1954 2222
2150 2183
2150 2179
2150 2222
2150 2305
2183 2179
2183 2305
1960 1949
1961 2100
1968 2619
1969 2051
2689 2209
1989 1882
1994 2097
1994 2241
1996 1997
2003 2515
2005 2345
2345 2418
2345 2511
2008 2022
2008 2219
2022 2219
2009 2534
2011 1835
2011 2633
2218 2049
2218 2337
2025 2693
2030 2128
2030 2130
2041 1744
2047 2111
2111 2302
2062 2061
2057 2695
2070 2602
2070 2640
2071 1809
1809 2585
2084 2615
2090 2530
2101 2470
2470 2643
2470 2646
2107 1865
2107 1953
2107 2496
2113 2623
2113 2586
2117 2639
2119 2154
2121 2212
2591 2253
2128 2479
2133 1925
1925 2392
2134 2644
2135 2023
2136 2148
2141 2418
2141 2511
2418 2511
2142 2096
2149 1955
2149 2188
2149 2190
2149 2194
1955 2190
1955 2194
2188 2189
2188 2190
2188 2194
2152 2429
1977 2219
1977 2318
2164 1749
2164 2094
2170 2237
2249 2271
2181 2143
2185 2109
2186 2321
2321 2187
2321 2370
2187 2314
2189 2190
2189 2365
2189 2194
2190 2365
2190 2194
2365 2668
2192 1743
1984 2379
2207 1786
1950 2226
1958 2226
2226 2478
2252 2271
2236 2262
2236 2435
2236 2542
2262 2435
2262 2542
2238 2271
2243 2244
2246 2356
2247 2263
2247 2701
2263 2701
2264 2519
2268 1753
2268 2445
2301 2588
2302 1880
2303 1951
2304 2297
1772 2351
2317 2624
2317 2429
2624 2429
2337 2610
2367 1833
2384 2460
2386 2387
2395 2665
2401 1988
2466 1830
2466 2240
1830 2585
2467 2468
2643 2646
2481 1858
1858 2528
2486 1970
2486 2586
2494 2063
2503 2358
2512 1930
2533 2517
2573 1942
2576 2678
2584 2632
2596 2669
2597 2256
2607 1987
2612 1903
2612 2625
2620 1972
2621 2105
2631 2601
2634 1876
2637 2652
2666 2411
2678 2477
2684 2523
2697 2698
2697 2700
2698 2700
2706 1752
2707 2344
